Результаты (Cp): -2.1154192664241123e-07 -4.2311053860544234e-07 -6.346712804194965e-07 -8.462301637202074e-07 -1.057788187264208e-06 -1.2693458915080669e-06 -1.4809032775620068e-06 -1.6924598031931026e-06 -1.9040144700888106e-06 -2.11556126772372e-06


Результаты (V_i_j): 0.04183798083535199 1.6118494906902383e-12 4.029623809127886e-13 1.7909439295882023e-13 1.0074059626572258e-13 6.447398161035333e-14 4.47735982403928e-14 3.289488823892607e-14 2.5185148294596584e-14 1.9899374993606047e-14
1.6118493744207586e-12 0.01559965287675071 1.6118495234674932e-12 4.0296238414702934e-13 1.790943933595388e-13 1.0074059626572258e-13 6.447398146602037e-14 4.477359788071036e-14 3.2894887568436435e-14 2.5185146476279477e-14
4.0296234361683313e-13 1.6118494906902383e-12 0.010609439289164161 1.611849536365288e-12 4.029623850477394e-13 1.790943933595388e-13 1.0074059604023905e-13 6.447398094810319e-14 4.4773596968115496e-14 3.289488519350183e-14
1.7909437494177305e-13 4.0296237270378685e-13 1.6118495234674932e-12 0.008744559376785952 1.6118495399485447e-12 4.029623850477394e-13 1.7909439295882023e-13 1.0074059523106688e-13 6.447397963400488e-14 4.4773593735587006e-14
1.0074058590493597e-13 1.7909438787091988e-13 4.029623809127886e-13 1.611849536365288e-12 0.008038107996965794 1.6118495399485447e-12 4.0296238414702934e-13 1.7909439152057405e-13 1.0074059317789845e-13 6.447397497921492e-14
6.447397497921492e-14 1.0074059317789845e-13 1.7909439152057405e-13 4.0296238414702934e-13 1.6118495399485447e-12 0.008038107996965794 1.611849536365288e-12 4.029623809127886e-13 1.7909438787091988e-13 1.0074058590493597e-13
4.4773593735587006e-14 6.447397963400488e-14 1.0074059523106688e-13 1.7909439295882023e-13 4.029623850477394e-13 1.6118495399485447e-12 0.008744559376785952 1.6118495234674932e-12 4.0296237270378685e-13 1.7909437494177305e-13
3.289488519350183e-14 4.4773596968115496e-14 6.447398094810319e-14 1.0074059604023905e-13 1.790943933595388e-13 4.029623850477394e-13 1.611849536365288e-12 0.010609439289164161 1.6118494906902383e-12 4.0296234361683313e-13
2.5185146476279477e-14 3.2894887568436435e-14 4.477359788071036e-14 6.447398146602037e-14 1.0074059626572258e-13 1.790943933595388e-13 4.0296238414702934e-13 1.6118495234674932e-12 0.01559965287675071 1.6118493744207586e-12
1.9899374993606047e-14 2.5185148294596584e-14 3.289488823892607e-14 4.47735982403928e-14 6.447398161035333e-14 1.0074059626572258e-13 1.7909439295882023e-13 4.029623809127886e-13 1.6118494906902383e-12 0.04183798083535199

