Результаты (Q): 23.901751454435118 64.10400957480385 94.2556968785678 114.35682131985162 124.40738466127414 124.40738466127414 114.35682131985163 94.2556968785678 64.10400957480385 23.901751454435118


Результаты (V_i_j): 0.04183793810681543 1.6118490692034812e-11 4.029623497084442e-12 1.790943920663613e-12 1.0074059780148386e-12 6.447398259585861e-13 4.4773598023467777e-13 3.2894885701959293e-13 2.518514173192058e-13 1.989935687822611e-13
1.611847906523001e-11 0.015599648192883009 1.6118493969971633e-11 4.029623820461512e-12 1.7909439607406911e-12 1.0074059780148386e-12 6.447398115234107e-13 4.477359442716551e-13 3.289487899663167e-13 2.51851235489731e-13
4.0296197674718396e-12 1.6118490692034812e-11 0.01060943825359447 1.6118495259563113e-11 4.02962391054427e-12 1.7909439607406911e-12 1.0074059554635487e-12 6.447397597392112e-13 4.477358530062993e-13 3.289485524757771e-13
1.790942118972204e-12 4.0296226761314376e-12 1.6118493969971633e-11 0.008744559211930037 1.6118495617935747e-11 4.02962391054427e-12 1.790943920663613e-12 1.0074058745580815e-12 6.447396283209287e-13 4.477355297574255e-13
1.0074049419407312e-12 1.790943411870988e-12 4.029623497084442e-12 1.6118495259563113e-11 0.00803810800818524 1.6118495617935747e-11 4.029623820461512e-12 1.7909437768598784e-12 1.0074056692280308e-12 6.447391628476566e-13
6.447391628476566e-13 1.0074056692280308e-12 1.7909437768598784e-12 4.029623820461512e-12 1.6118495617935747e-11 0.00803810800818524 1.6118495259563113e-11 4.029623497084442e-12 1.790943411870988e-12 1.0074049419407312e-12
4.477355297574255e-13 6.447396283209287e-13 1.0074058745580815e-12 1.790943920663613e-12 4.02962391054427e-12 1.6118495617935747e-11 0.008744559211930037 1.6118493969971633e-11 4.0296226761314376e-12 1.790942118972204e-12
3.289485524757771e-13 4.477358530062993e-13 6.447397597392112e-13 1.0074059554635487e-12 1.7909439607406911e-12 4.02962391054427e-12 1.6118495259563113e-11 0.01060943825359447 1.6118490692034812e-11 4.0296197674718396e-12
2.51851235489731e-13 3.289487899663167e-13 4.477359442716551e-13 6.447398115234107e-13 1.0074059780148386e-12 1.7909439607406911e-12 4.029623820461512e-12 1.6118493969971633e-11 0.015599648192883009 1.611847906523001e-11
1.989935687822611e-13 2.518514173192058e-13 3.2894885701959293e-13 4.4773598023467777e-13 6.447398259585861e-13 1.0074059780148386e-12 1.790943920663613e-12 4.029623497084442e-12 1.6118490692034812e-11 0.04183793810681543

