Результаты (Q): -0.05747051500154454 195.1298838326373 28.591524121631124 1124.8305842090285 206.41954397912411 206.41954397908148 1124.8305842090424 28.59152412162911 195.12988383263732 -0.05747051500154454


Результаты (V_i_j): 3.1610704477660314 0.0012958701280849176 0.0004503399532250617 0.00020159392083158076 9.344095227671686e-05 6.941533961105218e-05 8.064533310544228e-05 8.847757047670757e-05 9.533157757189668e-05 9.949347849710864e-05
0.008038730481861314 0.001619622149144839 0.0006191588595334614 0.0002791128174250226 0.00012786112771203406 9.344095227671686e-05 0.0001067342535318203 0.00011522487677338104 0.0001223108573216834 0.00012592038097249933
0.0020135229734652505 0.0012958701280849176 0.0007075750642403825 0.00036282247932525836 0.00017351602615337802 0.00012786112771203406 0.00014515414507295174 0.0001548299926555858 0.00016205924003348743 0.00016446543083071047
0.0008952158938619961 0.0008100805170530871 0.0006191588595334614 0.0004031231518340897 0.00022082566709730268 0.00017351602615337802 0.00020159392083158076 0.00021540833091398886 0.0002235243427667073 0.0002238515195677198
0.0005036213390330718 0.0004985748901691873 0.0004503399532250617 0.00036282247932525836 0.00024290160639844663 0.00022082566709730268 0.0002791128174250226 0.00030963312880535594 0.00032409690744892076 0.00032233614462035123
0.00032233614462035123 0.00032409690744892076 0.00030963312880535594 0.0002791128174250226 0.00022082566709730268 0.00024290160639844663 0.00036282247932525836 0.0004503399532250617 0.0004985748901691873 0.0005036213390330718
0.0002238515195677198 0.0002235243427667073 0.00021540833091398886 0.00020159392083158076 0.00017351602615337802 0.00022082566709730268 0.0004031231518340897 0.0006191588595334614 0.0008100805170530871 0.0008952158938619961
0.00016446543083071047 0.00016205924003348743 0.0001548299926555858 0.00014515414507295174 0.00012786112771203406 0.00017351602615337802 0.00036282247932525836 0.0007075750642403825 0.0012958701280849176 0.0020135229734652505
0.00012592038097249933 0.0001223108573216834 0.00011522487677338104 0.0001067342535318203 9.344095227671686e-05 0.00012786112771203406 0.0002791128174250226 0.0006191588595334614 0.001619622149144839 0.008038730481861314
9.949347849710864e-05 9.533157757189668e-05 8.847757047670757e-05 8.064533310544228e-05 6.941533961105218e-05 9.344095227671686e-05 0.00020159392083158076 0.0004503399532250617 0.0012958701280849176 3.1610704477660314

